0.23997332764534637
0.1812226901172895
0.11837542970980504
0.015296496015883933
0.23977956058331626
0.052062562155208755
0.4312192519464653
0.26796549817733767
0.03581614531627891
0.090521341625922
0.37095339145214057
0.16296224713882812
1.019427919884493
0.6250643747070351
0.07911830723502411
0.0665692309412611
0.27940264969175055
0.21147462156621954
0.015461520775269076
0.08583241177392732
0.11363319464224647
0.07516309174830114
0.12024854353674684
0.0327013773600852
0.033363977543756494
0.018321198174726157
0.4741023980897193
0.21151059856792903
0.018535931959473177
0.1085197816534686
0.0033699258739672234
0.5086476593171113
0.1477682704855047
0.2655693762059743
0.2715607351564396
0.3847147179128214
0.24878755553208667
0.08499929021002463
0.4539645215091193
0.5559367002695573
0.07310652243440875
0.09311463956695615
0.22482450299308065
0.005797713946763815
0.06981415083781493
0.11062012973480194
0.3480352060887164
0.1549053939899787
0.016094476342020745
0.6152027372110617
0.24038840209606377
0.6478385075945824
0.11259415287627647
0.044466448004108886
0.2864765809202147
0.15281431264052617
0.37639376262103236
0.20637869016092722
0.09724237162931829
0.11938835876348296
0.06482312195896796
0.877778731278219
0.3946146685399422
0.011777365465937934
0.31825165388636445
0.3078274110645472
0.27046377328736215
0.6483562753159873
0.94470611458242
0.21222753870779879
0.015770544866302576
0.13425160801554092
0.5373572855383199
0.48941496456794586
0.06252060579446561
0.6727049167550817
0.11120368580363507
0.19762654737294316
0.7193106854855559
0.032334091902626684
0.3060977262627781
0.21164387608796761
0.27210170025170466
0.10651093084763702
0.3746215871808498
0.15570977893580198
0.21592254534098035
0.020883559021921023
0.0706526435695927
0.7070066447852316
0.12363592194092084
0.006976162703665389
0.0996152510689795
0.2833256319134899
0.0319902248733538
0.8486738301384692
0.5098670031491334
0.21109300983104878
0.07645067879244657
0.0038296956627671894
