-2.842139334103398
-2.2741113283183574
-1.6588880240522124
-1.6527739370345145
-1.5703912359539702
-1.5413292318811929
-1.5098039533599208
-1.5092204315738833
-1.303948527166824
-1.2967874597550906
-1.2587347012266288
-1.1952131481242965
-1.1745534333043126
-1.1005740762698828
-1.0652727138676399
-1.0567811543378858
-0.9290677112396597
-0.8323050806628369
-0.7142153923824954
-0.5955712221647215
-0.5832760605462025
-0.5053526530300916
-0.46542982987571807
-0.46056367368989565
-0.4071628988801603
-0.39788485036113247
-0.38030003971644
-0.3308035158470969
-0.3053951924370601
-0.28386593908743246
-0.2450521620929771
-0.2318964024860783
-0.22182079532178928
-0.20182012248939496
-0.197406776502791
-0.1658153970250764
-0.15660852512759463
-0.12457046550647594
-0.1112504164798653
-0.05686602302640575
-0.05347021443955626
-0.04331691080952744
-0.04248354389585553
0.013355858872858473
0.07806720697130298
0.08157290943027379
0.08910050741025416
0.09238219411543175
0.10652709853026295
0.11749951655856011
0.12702333749507252
0.20645197268228233
0.219884446836611
0.22400316496245334
0.23656973306565904
0.2654457448402369
0.28060084312657163
0.34132761097522335
0.3850242879965105
0.4028762061172033
0.4350957631136175
0.4499704205586297
0.4555631802325535
0.5388168620215824
0.5396603131534001
0.5439764463087085
0.5649676446305049
0.5744806122233833
0.5868234259987177
0.6386284934003646
0.679404245902125
0.7289743751411535
0.7658458207552601
0.7740472317649991
0.7741008503737287
0.7956041367672855
0.8272352467428254
0.8769717244636224
0.8825962652351358
0.8971020118461711
0.946295586811299
0.9825236108731097
1.0031132089858565
1.0137695760705283
1.0267847833342032
1.0707030959991886
1.1011511038700963
1.2227940032377784
1.276465482561426
1.5096673596368408
1.5384752394296333
1.6983838088708927
1.739537728568482
1.874269618262584
2.035996610353578
2.073484860149929
2.249204916832278
2.4516431578144067
2.498514758959475
3.388789258637281
