17.105434806831695
21.52284584020733
24.05266630138386
25.82813073176198
26.910835411700575
30.584825868919374
32.282267756228954
32.50001219966862
33.378094898491945
33.477032569645026
33.694703818861605
33.70572908449512
34.1565566922041
34.20646527590655
35.00764956235918
35.09393099020855
35.36315395503268
35.37763032722772
36.8362333264044
37.089610155264516
37.34593574995958
37.48573237608838
37.601467145106845
37.746369353935414
38.85895148919694
39.78539162999431
39.91607686832435
40.016372596997854
40.7146234824479
40.791944090285064
41.25708616026875
41.29681217758832
41.46029544138058
41.74719860562509
41.89460194398013
42.3764046188881
42.746715302215776
43.293687242594395
43.48725214122844
43.69599359462254
43.77492969687377
43.94414774266821
44.1421982162866
44.22829974946522
44.260229885916
44.44694352850931
44.45030721918913
44.52365587725075
44.55837650926581
44.58358827598501
44.61729472806053
44.697448869049545
44.701133027591595
45.07466335528983
45.20345644753166
45.369589956489094
45.54703397529169
45.58428700037689
45.90381713341218
46.434788443466026
46.44464732703446
46.48228462863171
46.528036362786
46.603415266822424
46.72872607549215
46.76736000269567
47.42977141490505
47.455066632001774
47.53621819497134
47.63847353950573
47.64674801477109
47.65431625417703
47.67351147449105
47.71657894582732
47.785786365095525
47.86023124715689
47.934121073578225
48.12336490686374
48.19651861453028
48.24241476379703
48.355898104928805
48.881609264928066
49.19117761323315
49.43932815967763
49.56356340390872
49.72459755741895
49.76163656892311
50.09794464397449
50.12830416329836
50.15009872541961
50.19075197298136
50.303633053086486
50.36171472436925
50.36683135786912
50.634274652039636
50.66468407306036
50.67325458426771
50.74895537088853
51.170224214968805
51.21088005866942
51.250243710863124
51.34626372526105
51.413062413182445
51.67562103176354
51.721848348090575
51.7694236666905
51.92110019573636
52.153275121083496
52.27320694196475
52.31588647510381
52.54459516772711
52.65393129556654
52.74528685493094
52.90697824837941
52.91550277401015
52.93492736518884
53.04268698896941
53.05007786911265
53.05969559878625
53.18388447100236
53.25368071747819
53.26183652525508
53.34521147584359
53.35936912380517
53.43396968297392
53.495541651242135
53.49653622563112
53.64613187872784
53.850344091600604
53.87582612174434
53.918854573822514
54.027975661976825
54.20843384681583
54.36154002898178
54.402425545565045
54.47682235388946
54.55782416688321
54.60513729505719
54.61675153576461
54.65126151066262
54.69279780655178
54.76136699009466
55.07694207571015
55.19567375734984
55.22424670290613
55.27888513160032
55.30844512955123
55.351257348928534
55.72595320348827
55.74742609281212
55.765774284325914
55.82897197676807
55.895195196034365
55.91384930055867
55.91958222795117
56.027830187713455
56.19361616244502
56.203926907816324
56.306460161232316
56.32654925464815
56.329625265579985
56.403895171539126
56.413169583891815
56.45704410383793
56.492945662253376
56.518384601087774
56.52566073282402
56.528886048983274
56.53914927338738
56.68364191750082
56.82221967652279
56.86644575670971
56.987700156122074
57.02103174553302
57.02764299285002
57.147141680839795
57.16537526041683
57.221486395722934
57.23680855456564
57.23964566107753
57.426219083962174
57.45735913858381
57.52711318844249
57.55867716977006
57.58145940401545
57.584057064763726
57.60391679957053
57.75847172667356
57.77051200235207
57.881783237641734
57.95579383876872
57.99547597712786
58.01107281985221
58.02467915243962
58.03373362910195
58.04107507651989
58.082018791787604
58.10669583954529
58.13326589218838
58.157813757339156
58.20494050434687
58.28007531378841
58.28516770320821
58.28964441005864
58.34595258008727
58.34815804783657
58.36231115682156
58.42292341195045
58.45462671665639
58.528048730005594
58.56845089584921
58.664953922468996
58.701939184060976
58.75230893880896
58.79902694465378
58.800862800656844
58.82387893313061
58.88887418773456
58.92281345166927
58.9395018684004
58.95630750361119
59.126340381481434
59.142484273326104
59.162195384934265
59.17767026534682
59.24641900977437
59.24765977612692
59.254764860591386
59.26973454192742
59.29776762082594
59.42486140974915
59.45594930149083
59.51830728845333
59.55163926358769
59.57429865498164
59.77592270792267
59.80208219789147
59.89581182892185
59.89672112379434
59.950028682406966
59.96823469706368
60.05377520369731
60.13324587439075
60.1481906357544
60.222853727562146
60.22406499406021
60.24026481155477
60.24651136105538
60.2705402072975
60.2919080524251
60.29369828496865
60.30350957581831
60.44741837174696
60.50514785544438
60.5792280899267
60.5977963252741
60.67446334684793
60.736038670147806
60.74485764389229
60.81755321182806
60.848444178322254
60.88672468013991
61.11578504230779
61.2559022957032
61.29876892973675
61.32391658549069
61.42540362814497
61.43369475857238
61.45043296820099
61.47092568344951
61.49660022315166
61.531392993706824
61.62977229199854
61.73164670409609
61.76903855893462
61.773971534052706
61.791473389983935
61.81839121783608
61.89036083695824
61.9231914861548
61.95183362869439
62.02666513209429
62.0585427502226
62.09491398074182
62.09927171078601
62.10290540907826
62.11507171793531
62.20542721804618
62.21393460644093
62.23089029456171
62.30971943644879
62.356129508698466
62.37909848267225
62.38017863557734
62.39503746510014
62.435535228652995
62.49590755978614
62.509702646934464
62.59682819625002
62.60103939402185
62.63641819244474
62.69711597548218
62.80862817076536
62.8336402763271
62.892230992583784
62.92999413710426
62.932178654950356
63.16057655115607
63.19496572993129
63.245694746556744
63.28797084415161
63.39087759934993
63.45000622001887
63.516515272264684
63.566554182128506
63.85661809788243
63.95924747631082
63.97198132307977
64.03028586969309
64.08125249268653
64.10286715103923
64.14028634647576
64.16774116260135
64.21659299132087
64.2890985841642
64.2992638284396
64.64717716195454
64.65577748012969
64.69341057217574
64.71479268515557
64.72927722743658
64.74485926705464
64.75767845732027
64.80765871654354
64.83196684214849
64.8361663628669
64.92136124091921
64.95297722827243
64.98915799428922
65.04635523585306
65.07508144807586
65.12128859507045
65.30970246081553
65.39648691395688
65.42551499492481
65.4507335756775
65.53383231716695
65.55926792890409
65.59739864280817
65.67390660136026
65.74525582252514
65.82350803021237
66.00949070190578
66.09293724035604
66.15062918515359
66.17797246149362
66.22669381354704
66.25760670750026
66.27706730926975
66.32289991007563
66.32451082283794
66.3291893076151
66.33035278456404
66.3516782078331
66.3976417008705
66.40251025164261
66.52616692812494
66.52679997448614
66.54132150138336
66.56553725417504
66.5841673787585
66.58565015074916
66.59648449142216
66.67568854868257
66.72017024927761
66.72660560313126
66.72911655337107
66.78686164155442
66.8102802938802
66.888453069673
66.90172544617823
67.04872197704191
67.0678723708695
67.08327105136395
67.11881601637268
67.1416386110609
67.32510352280151
67.34676501491302
67.35466850144898
67.3710778322027
67.37846063629303
67.40042823696446
67.4380296482477
67.53062966781809
67.56174834254227
67.58509112944927
67.64769942012192
67.76902005506533
67.77312752665063
67.85165807959086
67.97541421911984
68.03735434466437
68.10169177487579
68.1560005961181
68.20675804418124
68.21804634802349
68.23533790185371
68.25450559701456
68.28216071936197
68.30269140422415
68.33191056089078
68.41111070977053
68.41798466930443
68.42643085505999
68.48144113354087
68.4885254719052
68.52195173293504
68.55730453275481
68.59015993078377
68.7527807245586
68.7551583895078
68.76056072331814
68.95035003897907
68.955276426326
68.98669845003135
69.07241708950713
69.07784413463175
69.174021106904
69.20465071449794
69.20944265286062
69.46901336466564
69.53813266400817
69.64998743200009
69.6645444665492
69.71433180606033
69.72255948137835
69.78470362230468
69.78772634725422
69.84998757288476
69.90299815429283
69.91726985286613
69.93322919948105
69.94137168271102
69.9605603586614
69.98525010559253
70.06993924464737
70.16222186548013
70.18425392422748
70.35892131362381
70.36853148636324
70.37002621110315
70.3815024708377
70.40759634733337
70.47338643277716
70.53388144947377
70.59718224101526
70.60998643795362
70.83396932633907
70.90979178940708
70.91163259079242
70.91357581210788
70.9673486612991
71.02269795739208
71.08156432204677
71.0973736986947
71.19994539154246
71.24882305189577
71.27902278567399
71.28393437371787
71.33122108507996
71.33384099879825
71.3417195744947
71.37614401510184
71.39748786876322
71.42161965165693
71.43698230380329
71.46311587087317
71.53246650625168
71.70875753660891
71.73823358859336
71.74560749523563
71.78571948215983
71.81006110259712
71.83166303573594
71.86181247724687
71.88096656727001
71.99642161023026
72.00361886470813
72.0404249256486
72.11262569303076
72.14776408355306
72.15612535663956
72.23254542039628
72.24855411874621
72.29605940885321
72.35226939484814
72.38568019027555
72.39147229748544
72.40661314972213
72.4191925809337
72.47084181426814
72.49906413517324
72.50801983970112
72.51635312235159
72.5420259898564
72.58336502214073
72.62052625999837
72.65972751255632
72.66566160899444
72.72637400754611
72.72839052090873
72.75927203575256
72.91354785572948
72.98349718139049
73.0388194123425
73.04575116386576
73.08775611914444
73.09084741072802
73.09541786033998
73.15327532876
73.22372285731997
73.29990290616182
73.36882541494822
73.3969597404979
73.4030857936662
73.42399265950107
73.42422163532706
73.45519393670233
73.48520954664208
73.48898584122799
73.50773788991074
73.52689583494968
73.53662473286646
73.57004226488544
73.57782663474322
73.58312657823909
73.58745521887357
73.61345066350285
73.66613718555173
73.73793963699579
73.74452094743329
73.806260161288
73.82216377498192
73.885049316463
73.95038169158357
74.04588178159835
74.08983931189798
74.14514614325257
74.17415498001226
74.19272820592644
74.22345716038082
74.29444312398383
74.38974135072945
74.4967112979562
74.52586032700641
74.55265409694383
74.559364332574
74.56502834697618
74.63305150841587
74.63671837208202
74.6381785081611
74.68181909240003
74.74811142210415
74.78081187200061
74.80266784874105
74.87684888524433
74.9014534485321
74.9063618074632
74.91017539523328
75.01517344167723
75.04250222851432
75.12591223466845
75.12855688079426
75.20640548238912
75.32416101038193
75.42049384768168
75.43101045615197
75.45546472392115
75.53001916946911
75.54305269670762
75.56448398335202
75.6803599800707
75.68110796545159
75.85111544323135
75.98138277711357
76.00099867819812
76.04470589397306
76.04945621365886
76.06102060342643
76.08681176817421
76.17103461306016
76.20709418220748
76.31504334228535
76.3193888740067
76.34979775476636
76.35329753974658
76.35669764997546
76.36859801575335
76.41706842011297
76.43436016600279
76.49410268845725
76.54810401872005
76.58353630418824
76.59162833223486
76.59366711509865
76.61145551736196
76.64275699023025
76.67364408371763
76.73711456341192
76.77455267070063
76.81809400581771
76.88094147205673
76.93975722988633
76.94016910753011
76.98128903296897
77.06320887074811
77.0638299042173
77.10320519015129
77.11174348678794
77.20003667559301
77.21618392393265
77.25945179592534
77.26676809007601
77.32141416947132
77.38685050990313
77.39055762479173
77.4233106133338
77.42477865395257
77.42772778565532
77.44006288730898
77.44572817155222
77.45738277145915
77.48540974934114
77.51966247767358
77.54545440085035
77.55844957426567
77.57914686973203
77.61798617075145
77.62030692261246
77.62309009963671
77.66797648177932
77.70431734660198
77.77522848450653
77.79817491301452
77.83042287945561
77.8545869231929
77.92535725025714
77.93915045635957
78.01126328990136
78.04298403833678
78.08031442497855
78.15970327729815
78.3170502359976
78.3645464051727
78.45433134049009
78.56577363420472
78.57421835939832
78.5784716505971
78.68485974427873
78.69044915764404
78.71081466546222
78.72466582663446
78.74858173515774
78.775856418868
78.80708886843054
78.86713741674325
78.95283819438131
79.05137807748062
79.05846455144265
79.07631993662203
79.14143520025365
79.15538872355754
79.18352768087409
79.19647118741176
79.23665070575085
79.23749978933125
79.23851983812266
79.2460337604096
79.28446886976788
79.30885404169702
79.34405742528747
79.50437527796684
79.5094877591323
79.51236974706934
79.55116230530771
79.5688915400516
79.57882645051106
79.59151725199531
79.6147636399892
79.67108662097601
79.74406328264686
79.7495341765031
79.7535264566317
79.83426188757004
79.84860828474154
79.94554173362748
80.0185500633771
80.09478551324689
80.12180385464293
80.12375193046981
80.12698141544594
80.12724344539986
80.16284234017036
80.16948232105356
80.18914997010813
80.36483641166102
80.36823112507268
80.4056879946838
80.51159431877613
80.59859716506149
80.60047309082226
80.73953670712507
80.92107747553045
80.92424731291254
80.94221522707736
80.975200074913
81.10855178111763
81.19027572448994
81.2043537552817
81.24908093132329
81.26576353646071
81.28144098224868
81.33051980200474
81.33854090578708
81.37953997162398
81.40168406040345
81.41179019695645
81.43966733203433
81.49793118103301
81.53019661097673
81.54251221962758
81.6454770384621
81.66237667030417
81.69085011204614
81.78226896856559
81.80271244715792
81.80654905003988
81.86056301747765
81.89070078446207
81.9052198560567
81.9826738483878
82.11566572209655
82.20284311983008
82.52045305763907
82.5373530049822
82.61515118220582
82.65711004770621
82.67784069603894
82.68809531768883
82.75704354539138
82.79887503344017
82.81379232864819
82.83444088895808
83.00174539688241
83.01822364509412
83.04104908221161
83.15454615541532
83.16107073698987
83.179357024529
83.21720791770448
83.27869095858128
83.4505663446109
83.4524564896521
83.48634066011662
83.4994328560559
83.51820296275812
83.53656218444318
83.55451419522385
83.65295371942618
83.70446061810568
83.71830006573991
83.71980717499582
83.72358917008455
83.74549857517287
83.78556457028878
83.79247167489682
83.81558219499819
83.84347926506261
84.04911689237387
84.09103865134752
84.09717077736764
84.10407778136882
84.13949534374429
84.16694850394316
84.2189702073333
84.23178254850797
84.26092775579866
84.26184142038548
84.31865362658367
84.3911165766331
84.41719461785011
84.53101036953446
84.53689177027445
84.72561203183366
84.7556907533658
84.8299246332978
84.88160874750851
85.01116509567836
85.09510936270385
85.25223955336406
85.34037741949581
85.37181184624093
85.57182251186575
85.57385348580678
85.5959382661943
85.65107030331576
85.73301820640437
85.77359586636373
85.80102791805093
85.87284891409637
85.9287123384473
85.95789671095113
85.97472278434941
85.97609434677881
86.02796216201921
86.14200470117044
86.15347519545364
86.20491906296341
86.2210630481606
86.23447667503515
86.39098071945632
86.39792408725579
86.51519570127097
86.62087042197678
86.67803175235522
86.77357049758675
86.82352606958769
86.8953167155288
87.10915625875231
87.17140203556924
87.18261419804537
87.23405730821253
87.25486324595093
87.3216397333489
87.39252837678642
87.40372156314024
87.43606645586175
87.50670498054538
87.52612572642884
87.68123664988092
87.7333054184829
87.92665439825274
88.01387391909618
88.02432529281248
88.18349881240765
88.25114956897679
88.3725890028251
88.63666296014775
88.67178090905253
88.69445618314757
88.7167874957787
88.71868840647001
88.88826369844425
88.91658696488744
88.94733852197825
89.00470904364239
89.02543439910912
89.07432596990704
89.10495238496597
89.14947733728701
89.36835430965183
89.41877394426248
89.48131389950673
89.49789797617986
89.50667186514224
89.51561780647752
89.52384037298717
89.7868066699287
89.84529705943652
89.85360415371274
89.86306952959575
89.8702892761305
89.88003853189839
90.18675276993999
90.20147573243199
90.2388668801363
90.31250142083465
90.33517326215444
90.40733714850201
90.42130472447283
90.45608644281495
90.49890444453136
90.56801239650511
90.64635685969441
90.65362966374906
91.0887465459223
91.09971332076834
91.14925828524342
91.27991497090592
91.310323915654
91.37093120209482
91.37830711354512
91.40538598192022
91.5714908839808
91.71906428308492
91.72640050357384
91.95652844573459
91.97546484880833
91.98569411888306
91.992586120724
92.31862492347388
92.38722813920711
92.42881563913387
92.54013344919612
92.56957504774192
92.59032374850783
92.67951316139705
92.83007975656267
92.8332823151288
93.1682256531104
93.29306893786861
93.29707460765027
93.30777283825189
93.53144971708856
93.57644696385871
93.64273245771227
93.80555820595843
93.83699218451761
93.97914614119287
94.00948625626731
94.09887106878247
94.13388327430582
94.14096856118411
94.22920845112884
94.43073918310911
94.43190821996397
94.46917778767197
94.55227318904669
94.91970955587897
95.05200417924425
95.05561255274895
95.0856029573748
95.31006908511905
95.35521772193249
95.40724500052437
95.5169736238225
95.65382891206951
96.22880645671239
96.24001115112365
96.27848007345963
96.31762421621957
96.45089067724192
96.5855327023011
96.64832291998313
96.91298487490901
96.9674866651108
97.02620296860454
97.04125996839014
97.13569665802177
97.19575258982968
97.35581533327664
97.40092769543767
97.42674853683658
97.48192595383927
97.89105858500687
98.56660190435647
98.67380322959424
99.1180852388508
99.74661168143598
100.20934804622661
100.3833389379986
100.45207770886569
100.58619850439422
100.65591063535757
100.78048011009943
100.788515841562
100.91698570416975
100.99627882850662
101.06110595300743
101.56641253262266
101.80861690048951
101.88700144386574
102.60300459095423
102.60737917470337
102.95480812138346
103.1053563540806
103.4002211041355
103.63282968708808
103.95494638338758
104.01140083071434
104.79656276028382
104.90244816326003
105.20698280114038
105.21150277146813
105.36434635327828
105.53980611427687
106.12742913660976
106.17336641204969
107.71032791947353
110.4475896299844
111.30909957988385
111.71761897809509
111.74351737772928
112.75015507071899
113.58588338011535
113.88141968479232
116.04513206128259
117.74810171511946
118.94995328449635
132.9250830875253
